ENSGALT00000015891	1	2379	2449	645	715	1
ENSGALT00000015891	1	9272	9489	716	933	1
ENSGALT00000015891	1	14698	14799	934	1035	1
ENSGALT00000015891	1	15008	15189	1036	1217	1
ENSGALT00000015891	1	15392	15498	1218	1324	1
ENSGALT00000015891	1	15588	15705	1325	1442	1
ENSGALT00000042749	1	35753	35950	1	198	-1
ENSGALT00000042749	1	34363	34512	199	348	-1
ENSGALT00000042749	1	32384	32474	349	439	-1
ENSGALT00000042749	1	31160	31287	440	567	-1
ENSGALT00000015914	1	42417	42512	126	221	1
ENSGALT00000015914	1	43332	43484	222	374	1
ENSGALT00000015914	1	44206	44358	375	527	1
ENSGALT00000015914	1	44648	44667	528	547	1
ENSGALT00000015914	1	45012	45064	548	600	1
ENSGALT00000015914	1	45664	45666	601	603	1
ENSGALT00000015914	1	45774	45946	604	776	1
ENSGALT00000015914	1	48433	48555	777	899	1
ENSGALT00000015914	1	49009	49122	900	1013	1
ENSGALT00000015914	1	51844	52252	1014	1422	1
ENSGALT00000015914	1	53216	53231	1423	1438	1
ENSGALT00000015914	1	53378	53417	1439	1478	1
ENSGALT00000015914	1	53452	53547	1479	1574	1
ENSGALT00000015914	1	53727	53808	1575	1656	1
ENSGALT00000015914	1	55365	55425	1657	1717	1
ENSGALT00000015914	1	55832	55877	1718	1763	1
ENSGALT00000015914	1	57299	62304	1764	6769	1
ENSGALT00000015914	1	63359	64904	6770	8315	1
ENSGALT00000015914	1	64935	65309	8316	8690	1
ENSGALT00000015914	1	67271	67449	8691	8869	1
ENSGALT00000015914	1	68688	68853	8870	9035	1
ENSGALT00000015914	1	69697	69828	9036	9167	1
ENSGALT00000015914	1	70993	71151	9168	9326	1
ENSGALT00000015914	1	71284	71378	9327	9421	1
ENSGALT00000015914	1	72182	72316	9422	9556	1
ENSGALT00000015914	1	73128	73233	9557	9662	1
ENSGALT00000015914	1	73925	74059	9663	9797	1
ENSGALT00000015903	1	79072	79155	67	150	1
ENSGALT00000015903	1	80409	80482	151	224	1
ENSGALT00000015903	1	80610	80739	225	354	1
ENSGALT00000015903	1	81605	81715	355	465	1
ENSGALT00000015903	1	82299	82353	466	520	1
ENSGALT00000015903	1	83945	84055	521	631	1
ENSGALT00000015903	1	84190	84300	632	742	1
ENSGALT00000015903	1	84591	84646	743	798	1
ENSGALT00000015903	1	85140	85209	799	868	1
ENSGALT00000015903	1	85420	85553	869	1002	1
ENSGALT00000015903	1	86073	86180	1003	1110	1
ENSGALT00000015903	1	86553	86847	1111	1405	1
ENSGALT00000015903	1	87496	87567	1406	1477	1
ENSGALT00000015903	1	87935	88071	1478	1614	1
ENSGALT00000015892	1	106249	106248	9	98	-1
ENSGALT00000015892	1	105956	106058	99	201	-1
ENSGALT00000015892	1	105107	105146	202	241	-1
ENSGALT00000015892	1	104562	104722	242	402	-1
ENSGALT00000015892	1	103013	103012	403	569	-1
ENSGALT00000015890	1	106372	106478	1	107	1
ENSGALT00000015890	1	106555	106584	108	137	1
ENSGALT00000015890	1	106690	106769	138	217	1
ENSGALT00000015890	1	107727	107806	218	297	1
ENSGALT00000015890	1	108584	108695	298	409	1
ENSGALT00000015890	1	109153	109250	410	507	1
ENSGALT00000015890	1	109485	109568	508	591	1
ENSGALT00000015890	1	109851	109931	592	672	1
ENSGALT00000040436	1	113547	113665	1	119	-1
ENSGALT00000040436	1	113273	113470	120	317	-1
ENSGALT00000040436	1	112505	112770	318	583	-1
ENSGALT00000040436	1	112119	112276	584	741	-1
ENSGALT00000040436	1	111201	111200	742	927	-1
ENSGALT00000015860	1	120080	120079	27	259	-1
ENSGALT00000015860	1	118669	118909	260	500	-1
ENSGALT00000015860	1	118051	118269	501	719	-1
ENSGALT00000015860	1	117423	117592	720	889	-1
ENSGALT00000015860	1	116884	117008	890	1014	-1
ENSGALT00000015860	1	116617	116744	1015	1142	-1
ENSGALT00000015860	1	116151	116253	1143	1245	-1
ENSGALT00000015860	1	115341	115340	1246	1547	-1
ENSGALT00000042874	1	123142	123141	54	321	-1
ENSGALT00000042874	1	122450	122604	322	476	-1
ENSGALT00000042874	1	122020	122364	477	821	-1
ENSGALT00000043996	1	179394	179429	1	36	1
ENSGALT00000043996	1	179906	180136	37	267	1
ENSGALT00000043996	1	183110	183181	268	339	1
ENSGALT00000043996	1	192272	192380	340	448	1
ENSGALT00000043996	1	203439	203590	449	600	1
ENSGALT00000043996	1	204660	204827	601	768	1
ENSGALT00000043996	1	205581	205697	769	885	1
ENSGALT00000043996	1	206908	206985	886	963	1
ENSGALT00000043996	1	225240	225306	964	1030	1
ENSGALT00000043996	1	237222	237400	1031	1209	1
ENSGALT00000043996	1	237497	237561	1210	1274	1
ENSGALT00000043996	1	241182	241196	1275	1289	1
ENSGALT00000043996	1	241296	241372	1290	1366	1
ENSGALT00000043996	1	242572	242666	1367	1461	1
ENSGALT00000043996	1	263368	263406	1462	1500	1
ENSGALT00000043996	1	270969	270990	1501	1522	1
ENSGALT00000043996	1	311773	311886	1523	1636	1
ENSGALT00000043996	1	330079	330157	1637	1715	1
ENSGALT00000043996	1	361706	361788	1716	1798	1
ENSGALT00000043996	1	370624	370748	1799	1923	1
ENSGALT00000043996	1	387567	387702	1924	2059	1
ENSGALT00000043996	1	405191	405261	2060	2130	1
ENSGALT00000043996	1	405274	405608	2131	2465	1
ENSGALT00000043996	1	406341	406424	2466	2549	1
ENSGALT00000043996	1	406528	406668	2550	2690	1
ENSGALT00000043996	1	406727	406745	2691	2709	1
ENSGALT00000043996	1	407476	407525	2710	2759	1
ENSGALT00000043996	1	410638	411048	2760	3170	1
ENSGALT00000043996	1	411494	411606	3171	3283	1
ENSGALT00000043996	1	411812	412040	3284	3512	1
ENSGALT00000043996	1	414155	414240	3513	3598	1
ENSGALT00000043996	1	415090	415174	3599	3683	1
ENSGALT00000043996	1	415416	415438	3684	3706	1
ENSGALT00000043996	1	415979	416109	3707	3837	1
ENSGALT00000043996	1	417535	417630	3838	3933	1
ENSGALT00000043996	1	418452	418488	3934	3970	1
ENSGALT00000043996	1	418657	418722	3971	4036	1
ENSGALT00000043996	1	418914	419185	4037	4308	1
ENSGALT00000043996	1	419362	419376	4309	4323	1
ENSGALT00000043996	1	420087	420427	4324	4664	1
ENSGALT00000043996	1	420800	421343	4665	5208	1
ENSGALT00000043058	1	428554	428620	1	67	-1
ENSGALT00000043058	1	427458	427520	68	130	-1
ENSGALT00000043058	1	427379	427405	131	157	-1
ENSGALT00000043058	1	427164	427330	158	324	-1
ENSGALT00000043058	1	427005	427130	325	450	-1
ENSGALT00000021993	1	429276	430322	193	1239	1
ENSGALT00000021993	1	431589	432896	1240	2547	1
ENSGALT00000022367	1	454454	454771	1	318	-1
ENSGALT00000022367	1	450167	450205	319	357	-1
ENSGALT00000022367	1	450032	450074	358	400	-1
ENSGALT00000022367	1	448746	448858	401	513	-1
ENSGALT00000022367	1	447558	447638	514	594	-1
ENSGALT00000022367	1	445584	445689	595	700	-1
ENSGALT00000022367	1	444941	445020	701	780	-1
ENSGALT00000022367	1	444630	444692	781	843	-1
ENSGALT00000022367	1	443770	443825	844	899	-1
ENSGALT00000022367	1	443130	443252	900	1022	-1
ENSGALT00000022367	1	442657	442752	1023	1118	-1
ENSGALT00000022367	1	442465	442559	1119	1213	-1
ENSGALT00000022367	1	441843	441908	1214	1279	-1
ENSGALT00000022367	1	441134	441198	1280	1344	-1
ENSGALT00000022367	1	440602	440691	1345	1434	-1
ENSGALT00000022367	1	439585	439638	1435	1488	-1
ENSGALT00000022367	1	439104	439213	1489	1598	-1
ENSGALT00000022367	1	437665	437767	1599	1701	-1
ENSGALT00000022367	1	436732	436806	1702	1776	-1
ENSGALT00000022367	1	436357	436479	1777	1899	-1
ENSGALT00000040387	1	455472	455471	225	345	-1
ENSGALT00000040387	1	454892	454891	346	365	-1
ENSGALT00000021988	1	460427	460504	60	137	1
ENSGALT00000021988	1	490449	490696	138	385	1
ENSGALT00000021988	1	494655	494841	386	572	1
ENSGALT00000021988	1	496021	496158	573	710	1
ENSGALT00000021988	1	501953	502018	711	776	1
ENSGALT00000021988	1	502401	502513	777	889	1
ENSGALT00000021988	1	505562	505675	890	1003	1
ENSGALT00000021988	1	506700	506826	1004	1130	1
ENSGALT00000021988	1	508123	508275	1131	1283	1
ENSGALT00000021988	1	508520	508723	1284	1487	1
ENSGALT00000021988	1	509766	509830	1488	1552	1
ENSGALT00000021988	1	510815	510930	1553	1668	1
ENSGALT00000021988	1	511060	511145	1669	1754	1
ENSGALT00000021988	1	511451	511531	1755	1835	1
ENSGALT00000021988	1	512691	512788	1836	1933	1
ENSGALT00000021988	1	514497	514554	1934	1991	1
ENSGALT00000021988	1	515540	515667	1992	2119	1
ENSGALT00000021988	1	516316	516491	2120	2295	1
ENSGALT00000021988	1	517225	517384	2296	2455	1
ENSGALT00000021988	1	517797	517885	2456	2544	1
ENSGALT00000021988	1	520041	520248	2545	2752	1
ENSGALT00000021988	1	526391	526534	2753	2896	1
ENSGALT00000021988	1	527753	527804	2897	2948	1
ENSGALT00000042710	1	534499	534498	99	292	-1
ENSGALT00000042710	1	534017	534104	293	380	-1
ENSGALT00000042710	1	533798	533929	381	512	-1
ENSGALT00000042710	1	533348	533347	513	611	-1
ENSGALT00000020337	1	591576	591575	6	60	-1
ENSGALT00000020337	1	568158	568243	61	146	-1
ENSGALT00000020337	1	563237	563374	147	284	-1
ENSGALT00000020337	1	562979	563107	285	413	-1
ENSGALT00000020337	1	560374	560484	414	524	-1
ENSGALT00000020337	1	558051	558156	525	630	-1
ENSGALT00000020337	1	557066	557198	631	763	-1
ENSGALT00000020337	1	556488	556596	764	872	-1
ENSGALT00000020337	1	554978	555091	873	986	-1
ENSGALT00000020337	1	553883	553960	987	1064	-1
ENSGALT00000020337	1	553418	553531	1065	1178	-1
ENSGALT00000020337	1	552675	552803	1179	1307	-1
ENSGALT00000020337	1	551900	551998	1308	1406	-1
ENSGALT00000020337	1	551155	551359	1407	1611	-1
ENSGALT00000020337	1	550449	550561	1612	1724	-1
ENSGALT00000020337	1	549909	550058	1725	1874	-1
ENSGALT00000020337	1	549731	549799	1875	1943	-1
ENSGALT00000020337	1	548931	549089	1944	2102	-1
ENSGALT00000020337	1	548488	548747	2103	2362	-1
ENSGALT00000020337	1	548049	548221	2363	2535	-1
ENSGALT00000020337	1	547798	547871	2536	2609	-1
ENSGALT00000020337	1	547509	547704	2610	2805	-1
ENSGALT00000020337	1	546535	546662	2806	2933	-1
ENSGALT00000020337	1	545864	546039	2934	3109	-1
ENSGALT00000020337	1	545303	545380	3110	3187	-1
ENSGALT00000020337	1	543292	543431	3188	3327	-1
ENSGALT00000020337	1	542825	543032	3328	3535	-1
ENSGALT00000020337	1	541987	542183	3536	3732	-1
ENSGALT00000020337	1	541761	541898	3733	3870	-1
ENSGALT00000020337	1	540902	540994	3871	3963	-1
ENSGALT00000020337	1	540535	540612	3964	4041	-1
ENSGALT00000020337	1	539908	540092	4042	4226	-1
ENSGALT00000020337	1	539435	539611	4227	4403	-1
ENSGALT00000020337	1	537489	537674	4404	4589	-1
ENSGALT00000020337	1	537278	537404	4590	4716	-1
ENSGALT00000020337	1	537043	537173	4717	4847	-1
ENSGALT00000020337	1	536201	536200	4848	5345	-1
ENSGALT00000040414	1	606023	606054	1	32	-1
ENSGALT00000040414	1	605677	605873	33	229	-1
ENSGALT00000040414	1	605362	605540	230	408	-1
ENSGALT00000040414	1	605140	605278	409	547	-1
ENSGALT00000040414	1	604766	604903	548	685	-1
ENSGALT00000040414	1	604568	604673	686	791	-1
ENSGALT00000040414	1	604152	604248	792	888	-1
ENSGALT00000040414	1	603509	603691	889	1071	-1
ENSGALT00000040414	1	603079	603247	1072	1240	-1
ENSGALT00000040414	1	602869	602980	1241	1352	-1
ENSGALT00000040414	1	602627	602735	1353	1461	-1
ENSGALT00000040414	1	601646	601645	1462	1797	-1
ENSGALT00000022417	1	609554	609661	194	301	1
ENSGALT00000022417	1	610379	610480	302	403	1
ENSGALT00000022417	1	610922	610977	404	459	1
ENSGALT00000022417	1	612731	612806	460	535	1
ENSGALT00000022417	1	613725	613796	536	607	1
ENSGALT00000022417	1	613909	613988	608	687	1
ENSGALT00000022417	1	614362	614529	688	855	1
ENSGALT00000022417	1	614886	614959	856	929	1
ENSGALT00000022417	1	615170	615306	930	1066	1
ENSGALT00000022417	1	615389	615460	1067	1138	1
ENSGALT00000022417	1	615865	615931	1139	1205	1
ENSGALT00000022417	1	616040	616147	1206	1313	1
ENSGALT00000022417	1	616247	616300	1314	1367	1
ENSGALT00000022417	1	616868	616938	1368	1438	1
ENSGALT00000022417	1	617011	617107	1439	1535	1
ENSGALT00000022417	1	617183	617248	1536	1601	1
ENSGALT00000022417	1	617441	617493	1602	1654	1
ENSGALT00000022417	1	617620	617721	1655	1756	1
ENSGALT00000022417	1	617794	617943	1757	1906	1
ENSGALT00000022417	1	618030	618167	1907	2044	1
ENSGALT00000043140	1	622929	623111	145	327	1
ENSGALT00000043140	1	625151	625334	328	511	1
ENSGALT00000043140	1	625529	625596	512	579	1
ENSGALT00000043140	1	625705	625735	580	610	1
ENSGALT00000043140	1	626134	626370	611	847	1
ENSGALT00000043140	1	627525	627932	848	1255	1
ENSGALT00000043140	1	629092	629210	1256	1374	1
ENSGALT00000043140	1	629833	630021	1375	1563	1
ENSGALT00000022432	1	647623	647745	1	123	-1
ENSGALT00000022432	1	646896	646969	124	197	-1
ENSGALT00000022432	1	646659	646815	198	354	-1
ENSGALT00000022432	1	645959	646102	355	498	-1
ENSGALT00000022432	1	645068	645243	499	674	-1
ENSGALT00000022432	1	643403	643541	675	813	-1
ENSGALT00000022432	1	642581	642727	814	960	-1
ENSGALT00000022432	1	642257	642364	961	1068	-1
ENSGALT00000022432	1	642016	642107	1069	1160	-1
ENSGALT00000022432	1	641358	641497	1161	1300	-1
ENSGALT00000022432	1	641086	641277	1301	1492	-1
ENSGALT00000022432	1	638871	638962	1493	1584	-1
ENSGALT00000022432	1	638661	638737	1585	1661	-1
ENSGALT00000022432	1	637897	637957	1662	1722	-1
ENSGALT00000022432	1	637677	637817	1723	1863	-1
ENSGALT00000022432	1	636831	636947	1864	1980	-1
ENSGALT00000022432	1	636386	636480	1981	2075	-1
ENSGALT00000022432	1	635597	635753	2076	2232	-1
ENSGALT00000022432	1	634364	634531	2233	2400	-1
ENSGALT00000022432	1	633666	633778	2401	2513	-1
ENSGALT00000022432	1	632774	632773	2514	2574	-1
ENSGALT00000040362	1	658502	658648	60	206	1
ENSGALT00000040362	1	659253	659462	207	416	1
ENSGALT00000040362	1	659543	659715	417	589	1
ENSGALT00000040362	1	660225	660444	590	809	1
ENSGALT00000040362	1	660528	660651	810	933	1
ENSGALT00000040362	1	660728	660820	934	1026	1
ENSGALT00000040362	1	661010	661118	1027	1135	1
ENSGALT00000040362	1	661260	661445	1136	1321	1
ENSGALT00000040362	1	661999	662147	1322	1470	1
ENSGALT00000040362	1	662287	662421	1471	1605	1
ENSGALT00000040362	1	663261	663802	1606	2147	1
ENSGALT00000012929	1	690901	690954	1	54	1
ENSGALT00000012929	1	693498	693606	55	163	1
ENSGALT00000012929	1	696279	696422	164	307	1
ENSGALT00000012929	1	696705	696805	308	408	1
ENSGALT00000012929	1	697864	697966	409	511	1
ENSGALT00000012929	1	698527	698621	512	606	1
ENSGALT00000012929	1	699371	699477	607	713	1
ENSGALT00000012929	1	699824	699940	714	830	1
ENSGALT00000012929	1	702909	702972	831	894	1
ENSGALT00000012929	1	703704	703792	895	983	1
ENSGALT00000012929	1	704422	704492	984	1054	1
ENSGALT00000012929	1	704624	704718	1055	1149	1
ENSGALT00000012929	1	705322	705420	1150	1248	1
ENSGALT00000012929	1	705528	705596	1249	1317	1
ENSGALT00000012929	1	705667	705745	1318	1396	1
ENSGALT00000012929	1	706369	706489	1397	1517	1
ENSGALT00000012929	1	707603	707609	1518	1524	1
ENSGALT00000042666	1	710180	710314	64	198	1
ENSGALT00000042666	1	711663	711732	199	268	1
ENSGALT00000042666	1	712531	712605	269	343	1
ENSGALT00000042666	1	712681	712815	344	478	1
ENSGALT00000042666	1	712906	713026	479	599	1
ENSGALT00000042666	1	713579	713647	600	668	1
ENSGALT00000042666	1	713728	713834	669	775	1
ENSGALT00000042666	1	713918	714045	776	903	1
ENSGALT00000042666	1	714408	714590	904	1086	1
ENSGALT00000042666	1	715108	715331	1087	1310	1
ENSGALT00000042666	1	716004	716069	1311	1376	1
ENSGALT00000042666	1	716470	716533	1377	1440	1
ENSGALT00000042666	1	717113	717184	1441	1512	1
ENSGALT00000042666	1	717399	717473	1513	1587	1
ENSGALT00000042666	1	718035	718132	1588	1685	1
ENSGALT00000042666	1	718332	718458	1686	1812	1
ENSGALT00000042666	1	719753	719853	1813	1913	1
ENSGALT00000042666	1	720393	720459	1914	1980	1
ENSGALT00000042666	1	722458	722562	1981	2085	1
ENSGALT00000042666	1	722800	723004	2086	2290	1
ENSGALT00000042666	1	724056	724306	2291	2541	1
ENSGALT00000012946	1	757276	757498	10	232	1
ENSGALT00000012946	1	759603	759717	233	347	1
ENSGALT00000012946	1	761890	762016	348	474	1
ENSGALT00000012946	1	762592	762732	475	615	1
ENSGALT00000012946	1	766714	766872	616	774	1
ENSGALT00000012946	1	767400	767597	775	972	1
ENSGALT00000012946	1	768626	768727	973	1074	1
ENSGALT00000012946	1	770337	770494	1075	1232	1
ENSGALT00000012946	1	773524	773648	1233	1357	1
ENSGALT00000012946	1	790784	790947	1358	1521	1
ENSGALT00000012955	1	849203	849202	221	273	-1
ENSGALT00000012955	1	825774	825850	274	350	-1
ENSGALT00000012955	1	824747	824821	351	425	-1
ENSGALT00000012955	1	817160	817199	426	465	-1
ENSGALT00000012955	1	816813	816865	466	518	-1
ENSGALT00000012955	1	814032	814160	519	647	-1
ENSGALT00000012955	1	807182	807181	648	772	-1
ENSGALT00000012992	1	859323	859444	1	122	-1
ENSGALT00000012992	1	857423	857532	123	232	-1
ENSGALT00000012992	1	857090	857248	233	391	-1
ENSGALT00000012992	1	856238	856321	392	475	-1
ENSGALT00000012992	1	855519	855646	476	603	-1
ENSGALT00000012992	1	854259	854416	604	761	-1
ENSGALT00000012992	1	853344	853566	762	984	-1
ENSGALT00000012992	1	852265	852474	985	1194	-1
ENSGALT00000012992	1	851732	851929	1195	1392	-1
ENSGALT00000012992	1	850460	850459	1393	1461	-1
ENSGALT00000013005	1	859766	859863	1	98	1
ENSGALT00000013005	1	859892	859975	99	182	1
ENSGALT00000013005	1	866449	866495	183	229	1
ENSGALT00000013005	1	867258	867503	230	475	1
ENSGALT00000013005	1	868036	868190	476	630	1
ENSGALT00000013005	1	868321	868469	631	779	1
ENSGALT00000013005	1	869055	869139	780	864	1
ENSGALT00000013005	1	869779	869845	865	931	1
ENSGALT00000013005	1	870663	870710	932	979	1
ENSGALT00000013005	1	871301	871440	980	1119	1
ENSGALT00000013005	1	872424	872633	1120	1329	1
ENSGALT00000017143	1	881844	881843	10	67	-1
ENSGALT00000017143	1	880918	881055	68	205	-1
ENSGALT00000017143	1	880717	880838	206	327	-1
ENSGALT00000017143	1	880526	880634	328	436	-1
ENSGALT00000017143	1	880315	880431	437	553	-1
ENSGALT00000017143	1	880086	880153	554	621	-1
ENSGALT00000017143	1	879887	880006	622	741	-1
ENSGALT00000017143	1	879584	879769	742	927	-1
ENSGALT00000017143	1	879403	879505	928	1030	-1
ENSGALT00000017143	1	879160	879301	1031	1172	-1
ENSGALT00000017143	1	878895	879078	1173	1356	-1
ENSGALT00000017143	1	878692	878791	1357	1456	-1
ENSGALT00000017143	1	878489	878607	1457	1575	-1
ENSGALT00000017143	1	878352	878389	1576	1613	-1
ENSGALT00000017143	1	878029	878141	1614	1726	-1
ENSGALT00000017143	1	877798	877946	1727	1875	-1
ENSGALT00000017143	1	877126	877220	1876	1970	-1
ENSGALT00000017143	1	876784	876862	1971	2049	-1
ENSGALT00000017143	1	876402	876510	2050	2158	-1
ENSGALT00000017143	1	875595	875594	2159	2232	-1
ENSGALT00000013037	1	894585	894724	111	250	-1
ENSGALT00000013037	1	894422	894480	251	309	-1
ENSGALT00000013037	1	894052	894183	310	441	-1
ENSGALT00000013037	1	893037	893275	442	680	-1
ENSGALT00000013037	1	892633	892837	681	885	-1
ENSGALT00000013037	1	891781	891956	886	1061	-1
ENSGALT00000013037	1	891058	891129	1062	1133	-1
ENSGALT00000013037	1	889715	889811	1134	1230	-1
ENSGALT00000013037	1	888946	889071	1231	1356	-1
ENSGALT00000013037	1	888424	888521	1357	1454	-1
ENSGALT00000013037	1	886973	887087	1455	1569	-1
ENSGALT00000013037	1	886782	886879	1570	1667	-1
ENSGALT00000013037	1	886331	886404	1668	1741	-1
ENSGALT00000013037	1	884997	884996	1742	1796	-1
ENSGALT00000040314	1	898846	899097	126	377	1
ENSGALT00000040314	1	899809	899869	378	438	1
ENSGALT00000040314	1	901918	902381	439	902	1
ENSGALT00000013059	1	902989	903062	1	74	1
ENSGALT00000013059	1	905135	905216	75	156	1
ENSGALT00000013059	1	905938	906072	157	291	1
ENSGALT00000013059	1	906242	906340	292	390	1
ENSGALT00000013059	1	906948	907049	391	492	1
ENSGALT00000013059	1	907203	907304	493	594	1
ENSGALT00000013059	1	907500	907610	595	705	1
ENSGALT00000013059	1	907950	908040	706	796	1
ENSGALT00000013059	1	908167	908372	797	1002	1
ENSGALT00000013059	1	908812	908896	1003	1087	1
ENSGALT00000013059	1	909078	909265	1088	1275	1
ENSGALT00000033361	1	911111	911175	15	79	1
ENSGALT00000033361	1	911758	911839	80	161	1
ENSGALT00000033361	1	912530	912664	162	296	1
ENSGALT00000033361	1	912821	912919	297	395	1
ENSGALT00000033361	1	913073	913174	396	497	1
ENSGALT00000033361	1	913382	913483	498	599	1
ENSGALT00000033361	1	913965	914075	600	710	1
ENSGALT00000033361	1	914196	914286	711	801	1
ENSGALT00000033361	1	914399	914598	802	1001	1
ENSGALT00000033361	1	914974	915058	1002	1086	1
ENSGALT00000033361	1	915150	915337	1087	1274	1
ENSGALT00000013135	1	916297	916364	17	84	1
ENSGALT00000013135	1	916652	916733	85	166	1
ENSGALT00000013135	1	917225	917359	167	301	1
ENSGALT00000013135	1	917441	917542	302	403	1
ENSGALT00000013135	1	917920	918021	404	505	1
ENSGALT00000013135	1	918106	918207	506	607	1
ENSGALT00000013135	1	918320	918424	608	712	1
ENSGALT00000013135	1	918651	918741	713	803	1
ENSGALT00000013135	1	919169	919368	804	1003	1
ENSGALT00000013135	1	919594	919678	1004	1088	1
ENSGALT00000013135	1	919795	919982	1089	1276	1
ENSGALT00000013152	1	929839	929838	59	91	-1
ENSGALT00000013152	1	929246	929309	92	155	-1
ENSGALT00000013152	1	928335	928382	156	203	-1
ENSGALT00000013152	1	925701	925762	204	265	-1
ENSGALT00000013152	1	925264	925333	266	335	-1
ENSGALT00000013152	1	924654	924798	336	480	-1
ENSGALT00000013152	1	924317	924468	481	632	-1
ENSGALT00000013152	1	923957	924024	633	700	-1
ENSGALT00000013152	1	923003	923117	701	815	-1
ENSGALT00000013152	1	922608	922823	816	1031	-1
ENSGALT00000013152	1	921538	921537	1032	1162	-1
ENSGALT00000013166	1	930981	931134	2	155	1
ENSGALT00000013166	1	931244	931323	156	235	1
ENSGALT00000013166	1	931409	931486	236	313	1
ENSGALT00000013166	1	931842	931978	314	450	1
ENSGALT00000013166	1	932683	932741	451	509	1
ENSGALT00000013166	1	932896	932936	510	550	1
ENSGALT00000013166	1	933025	933095	551	621	1
ENSGALT00000013166	1	933297	933398	622	723	1
ENSGALT00000013166	1	933595	933671	724	800	1
ENSGALT00000013166	1	933910	933973	801	864	1
ENSGALT00000013166	1	934360	934477	865	982	1
ENSGALT00000013228	1	954123	954122	138	174	-1
ENSGALT00000013228	1	952013	952065	175	227	-1
ENSGALT00000013228	1	951375	951455	228	308	-1
ENSGALT00000013228	1	950486	950557	309	380	-1
ENSGALT00000013228	1	948368	948447	381	460	-1
ENSGALT00000013228	1	947911	947986	461	536	-1
ENSGALT00000013228	1	947405	947497	537	629	-1
ENSGALT00000013228	1	946598	946684	630	716	-1
ENSGALT00000013228	1	945601	945758	717	874	-1
ENSGALT00000013228	1	944861	944994	875	1008	-1
ENSGALT00000013228	1	944185	944252	1009	1076	-1
ENSGALT00000013228	1	943375	943563	1077	1265	-1
ENSGALT00000013228	1	942462	942557	1266	1361	-1
ENSGALT00000013228	1	941818	942061	1362	1605	-1
ENSGALT00000013228	1	941324	941399	1606	1681	-1
ENSGALT00000013228	1	940790	940893	1682	1785	-1
ENSGALT00000013228	1	939743	939868	1786	1911	-1
ENSGALT00000013228	1	938818	938880	1912	1974	-1
ENSGALT00000013228	1	938569	938708	1975	2114	-1
ENSGALT00000013228	1	938183	938354	2115	2286	-1
ENSGALT00000013228	1	937296	937393	2287	2384	-1
ENSGALT00000013228	1	936621	936759	2385	2523	-1
ENSGALT00000013228	1	936202	936300	2524	2622	-1
ENSGALT00000013228	1	935413	935543	2623	2753	-1
ENSGALT00000013244	1	968625	968867	635	877	1
ENSGALT00000013244	1	969361	969519	878	1036	1
ENSGALT00000013264	1	992796	992943	1	148	-1
ENSGALT00000013264	1	991543	992075	149	681	-1
ENSGALT00000013264	1	990497	990627	682	812	-1
ENSGALT00000013264	1	988818	988953	813	948	-1
ENSGALT00000013264	1	988412	988602	949	1139	-1
ENSGALT00000013264	1	987232	987348	1140	1256	-1
ENSGALT00000013264	1	985649	985743	1257	1351	-1
ENSGALT00000013264	1	984263	984431	1352	1520	-1
ENSGALT00000013264	1	983032	983260	1521	1749	-1
ENSGALT00000013264	1	982260	982347	1750	1837	-1
ENSGALT00000013264	1	982042	982128	1838	1924	-1
ENSGALT00000013264	1	980531	980667	1925	2061	-1
ENSGALT00000013264	1	979343	979442	2062	2161	-1
ENSGALT00000013264	1	979009	979130	2162	2283	-1
ENSGALT00000013264	1	978578	978653	2284	2359	-1
ENSGALT00000013264	1	977073	977270	2360	2557	-1
ENSGALT00000013264	1	974873	974998	2558	2683	-1
ENSGALT00000013264	1	973287	973393	2684	2790	-1
ENSGALT00000013264	1	972444	972572	2791	2919	-1
ENSGALT00000013264	1	971411	971530	2920	3039	-1
ENSGALT00000043375	1	995796	996109	10	323	1
ENSGALT00000043375	1	999449	999669	324	544	1
ENSGALT00000043375	1	1002831	1002873	545	587	1
ENSGALT00000043375	1	1003880	1003988	588	696	1
ENSGALT00000043375	1	1005589	1005750	697	858	1
ENSGALT00000043375	1	1006112	1006171	859	918	1
ENSGALT00000013281	1	999449	999669	315	535	1
ENSGALT00000013281	1	1002831	1002873	536	578	1
ENSGALT00000013281	1	1003880	1003988	579	687	1
ENSGALT00000013281	1	1005589	1005750	688	849	1
ENSGALT00000013281	1	995796	996109	1	314	1
ENSGALT00000013281	1	1008392	1008470	850	928	1
ENSGALT00000013281	1	1010173	1010333	929	1089	1
ENSGALT00000015896	1	91892	92860	1	969	-1
ENSGALT00000043267	1	588358	589386	1	1029	1
ENSGALT00000044259	1	882297	884033	1	1737	-1
