1 ENSGALT00000015891 1 1735 645 2449 715 1735 2378 NA NA 1
2 ENSGALT00000015891 1 9272 716 9489 933 NA NA NA NA 1
3 ENSGALT00000015891 1 14698 934 14799 1035 NA NA NA NA 1
4 ENSGALT00000015891 1 15008 1036 15189 1217 NA NA NA NA 1
5 ENSGALT00000015891 1 15392 1218 15498 1324 NA NA NA NA 1
6 ENSGALT00000015891 1 15588 1325 16308 1442 NA NA 15706 16308 1
7 ENSGALT00000042749 1 35753 1 35950 198 NA NA NA NA -1
8 ENSGALT00000042749 1 34363 199 34512 348 NA NA NA NA -1
9 ENSGALT00000042749 1 32384 349 32474 439 NA NA NA NA -1
10 ENSGALT00000042749 1 31160 440 31287 567 NA NA NA NA -1
11 ENSGALT00000015914 1 41112 NA 41229 NA 41112 41229 NA NA 1
12 ENSGALT00000015914 1 42410 126 42512 221 42410 42416 NA NA 1
13 ENSGALT00000015914 1 43332 222 43484 374 NA NA NA NA 1
14 ENSGALT00000015914 1 44206 375 44358 527 NA NA NA NA 1
15 ENSGALT00000015914 1 44648 528 44667 547 NA NA NA NA 1
16 ENSGALT00000015914 1 45012 548 45064 600 NA NA NA NA 1
17 ENSGALT00000015914 1 45664 601 45666 603 NA NA NA NA 1
18 ENSGALT00000015914 1 45774 604 45946 776 NA NA NA NA 1
19 ENSGALT00000015914 1 48433 777 48555 899 NA NA NA NA 1
20 ENSGALT00000015914 1 49009 900 49122 1013 NA NA NA NA 1
21 ENSGALT00000015914 1 51844 1014 52252 1422 NA NA NA NA 1
22 ENSGALT00000015914 1 53216 1423 53231 1438 NA NA NA NA 1
23 ENSGALT00000015914 1 53378 1439 53417 1478 NA NA NA NA 1
24 ENSGALT00000015914 1 53452 1479 53547 1574 NA NA NA NA 1
25 ENSGALT00000015914 1 53727 1575 53808 1656 NA NA NA NA 1
26 ENSGALT00000015914 1 55365 1657 55425 1717 NA NA NA NA 1
27 ENSGALT00000015914 1 55832 1718 55877 1763 NA NA NA NA 1
28 ENSGALT00000015914 1 57299 1764 62304 6769 NA NA NA NA 1
29 ENSGALT00000015914 1 63359 6770 64904 8315 NA NA NA NA 1
30 ENSGALT00000015914 1 64935 8316 65309 8690 NA NA NA NA 1
31 ENSGALT00000015914 1 67271 8691 67449 8869 NA NA NA NA 1
32 ENSGALT00000015914 1 68688 8870 68853 9035 NA NA NA NA 1
33 ENSGALT00000015914 1 69697 9036 69828 9167 NA NA NA NA 1
34 ENSGALT00000015914 1 70993 9168 71151 9326 NA NA NA NA 1
35 ENSGALT00000015914 1 71284 9327 71378 9421 NA NA NA NA 1
36 ENSGALT00000015914 1 72182 9422 72316 9556 NA NA NA NA 1
37 ENSGALT00000015914 1 73128 9557 73233 9662 NA NA NA NA 1
38 ENSGALT00000015914 1 73925 9663 75573 9797 NA NA 74060 75573 1
39 ENSGALT00000015903 1 77010 NA 77075 NA 77010 77075 NA NA 1
40 ENSGALT00000015903 1 79072 67 79155 150 NA NA NA NA 1
41 ENSGALT00000015903 1 80409 151 80482 224 NA NA NA NA 1
42 ENSGALT00000015903 1 80610 225 80739 354 NA NA NA NA 1
43 ENSGALT00000015903 1 81605 355 81715 465 NA NA NA NA 1
44 ENSGALT00000015903 1 82299 466 82353 520 NA NA NA NA 1
45 ENSGALT00000015903 1 83945 521 84055 631 NA NA NA NA 1
46 ENSGALT00000015903 1 84190 632 84300 742 NA NA NA NA 1
47 ENSGALT00000015903 1 84591 743 84646 798 NA NA NA NA 1
48 ENSGALT00000015903 1 85140 799 85209 868 NA NA NA NA 1
49 ENSGALT00000015903 1 85420 869 85553 1002 NA NA NA NA 1
50 ENSGALT00000015903 1 86073 1003 86180 1110 NA NA NA NA 1
51 ENSGALT00000015903 1 86553 1111 86847 1405 NA NA NA NA 1
52 ENSGALT00000015903 1 87496 1406 87567 1477 NA NA NA NA 1
53 ENSGALT00000015903 1 87935 1478 89016 1614 NA NA 88072 89016 1
54 ENSGALT00000015892 1 106151 9 106248 98 106241 106248 NA NA -1
55 ENSGALT00000015892 1 105956 99 106058 201 NA NA NA NA -1
56 ENSGALT00000015892 1 105107 202 105146 241 NA NA NA NA -1
57 ENSGALT00000015892 1 104562 242 104722 402 NA NA NA NA -1
58 ENSGALT00000015892 1 103013 403 104336 569 NA NA 103013 104169 -1
59 ENSGALT00000015890 1 106372 1 106478 107 NA NA NA NA 1
60 ENSGALT00000015890 1 106555 108 106584 137 NA NA NA NA 1
61 ENSGALT00000015890 1 106690 138 106769 217 NA NA NA NA 1
62 ENSGALT00000015890 1 107727 218 107806 297 NA NA NA NA 1
63 ENSGALT00000015890 1 108584 298 108695 409 NA NA NA NA 1
64 ENSGALT00000015890 1 109153 410 109250 507 NA NA NA NA 1
65 ENSGALT00000015890 1 109485 508 109568 591 NA NA NA NA 1
66 ENSGALT00000015890 1 109851 592 111774 672 NA NA 109932 111774 1
67 ENSGALT00000040436 1 113547 1 113665 119 NA NA NA NA -1
68 ENSGALT00000040436 1 113273 120 113470 317 NA NA NA NA -1
69 ENSGALT00000040436 1 112505 318 112770 583 NA NA NA NA -1
70 ENSGALT00000040436 1 112119 584 112276 741 NA NA NA NA -1
71 ENSGALT00000040436 1 111201 742 111709 927 NA NA 111201 111523 -1
72 ENSGALT00000015860 1 119821 27 120079 259 120054 120079 NA NA -1
73 ENSGALT00000015860 1 118669 260 118909 500 NA NA NA NA -1
74 ENSGALT00000015860 1 118051 501 118269 719 NA NA NA NA -1
75 ENSGALT00000015860 1 117423 720 117592 889 NA NA NA NA -1
76 ENSGALT00000015860 1 116884 890 117008 1014 NA NA NA NA -1
77 ENSGALT00000015860 1 116617 1015 116744 1142 NA NA NA NA -1
78 ENSGALT00000015860 1 116151 1143 116253 1245 NA NA NA NA -1
79 ENSGALT00000015860 1 115341 1246 116042 1547 NA NA 115341 115740 -1
80 ENSGALT00000042874 1 122821 54 123141 321 123089 123141 NA NA -1
81 ENSGALT00000042874 1 122450 322 122604 476 NA NA NA NA -1
82 ENSGALT00000042874 1 122020 477 122364 821 NA NA NA NA -1
83 ENSGALT00000043996 1 179394 1 179429 36 NA NA NA NA 1
84 ENSGALT00000043996 1 179906 37 180136 267 NA NA NA NA 1
85 ENSGALT00000043996 1 183110 268 183181 339 NA NA NA NA 1
86 ENSGALT00000043996 1 192272 340 192380 448 NA NA NA NA 1
87 ENSGALT00000043996 1 203439 449 203590 600 NA NA NA NA 1
88 ENSGALT00000043996 1 204660 601 204827 768 NA NA NA NA 1
89 ENSGALT00000043996 1 205581 769 205697 885 NA NA NA NA 1
90 ENSGALT00000043996 1 206908 886 206985 963 NA NA NA NA 1
91 ENSGALT00000043996 1 225240 964 225306 1030 NA NA NA NA 1
92 ENSGALT00000043996 1 237222 1031 237400 1209 NA NA NA NA 1
93 ENSGALT00000043996 1 237497 1210 237561 1274 NA NA NA NA 1
94 ENSGALT00000043996 1 241182 1275 241196 1289 NA NA NA NA 1
95 ENSGALT00000043996 1 241296 1290 241372 1366 NA NA NA NA 1
96 ENSGALT00000043996 1 242572 1367 242666 1461 NA NA NA NA 1
97 ENSGALT00000043996 1 263368 1462 263406 1500 NA NA NA NA 1
98 ENSGALT00000043996 1 270969 1501 270990 1522 NA NA NA NA 1
99 ENSGALT00000043996 1 311773 1523 311886 1636 NA NA NA NA 1
100 ENSGALT00000043996 1 330079 1637 330157 1715 NA NA NA NA 1
101 ENSGALT00000043996 1 361706 1716 361788 1798 NA NA NA NA 1
102 ENSGALT00000043996 1 370624 1799 370748 1923 NA NA NA NA 1
103 ENSGALT00000043996 1 387567 1924 387702 2059 NA NA NA NA 1
104 ENSGALT00000043996 1 405191 2060 405261 2130 NA NA NA NA 1
105 ENSGALT00000043996 1 405274 2131 405608 2465 NA NA NA NA 1
106 ENSGALT00000043996 1 406341 2466 406424 2549 NA NA NA NA 1
107 ENSGALT00000043996 1 406528 2550 406668 2690 NA NA NA NA 1
108 ENSGALT00000043996 1 406727 2691 406745 2709 NA NA NA NA 1
109 ENSGALT00000043996 1 407476 2710 407525 2759 NA NA NA NA 1
110 ENSGALT00000043996 1 410638 2760 411048 3170 NA NA NA NA 1
111 ENSGALT00000043996 1 411494 3171 411606 3283 NA NA NA NA 1
112 ENSGALT00000043996 1 411812 3284 412040 3512 NA NA NA NA 1
113 ENSGALT00000043996 1 414155 3513 414240 3598 NA NA NA NA 1
114 ENSGALT00000043996 1 415090 3599 415174 3683 NA NA NA NA 1
115 ENSGALT00000043996 1 415416 3684 415438 3706 NA NA NA NA 1
116 ENSGALT00000043996 1 415979 3707 416109 3837 NA NA NA NA 1
117 ENSGALT00000043996 1 417535 3838 417630 3933 NA NA NA NA 1
118 ENSGALT00000043996 1 418452 3934 418488 3970 NA NA NA NA 1
119 ENSGALT00000043996 1 418657 3971 418722 4036 NA NA NA NA 1
120 ENSGALT00000043996 1 418914 4037 419185 4308 NA NA NA NA 1
121 ENSGALT00000043996 1 419362 4309 419376 4323 NA NA NA NA 1
122 ENSGALT00000043996 1 420087 4324 420427 4664 NA NA NA NA 1
123 ENSGALT00000043996 1 420800 4665 421343 5208 NA NA NA NA 1
124 ENSGALT00000043058 1 428554 1 428620 67 NA NA NA NA -1
125 ENSGALT00000043058 1 427458 68 427520 130 NA NA NA NA -1
126 ENSGALT00000043058 1 427379 131 427405 157 NA NA NA NA -1
127 ENSGALT00000043058 1 427164 158 427330 324 NA NA NA NA -1
128 ENSGALT00000043058 1 427005 325 427130 450 NA NA NA NA -1
129 ENSGALT00000021993 1 429084 193 430322 1239 429084 429275 NA NA 1
130 ENSGALT00000021993 1 431589 1240 433969 2547 NA NA 432897 433969 1
131 ENSGALT00000022367 1 454454 1 454771 318 NA NA NA NA -1
132 ENSGALT00000022367 1 450167 319 450205 357 NA NA NA NA -1
133 ENSGALT00000022367 1 450032 358 450074 400 NA NA NA NA -1
134 ENSGALT00000022367 1 448746 401 448858 513 NA NA NA NA -1
135 ENSGALT00000022367 1 447558 514 447638 594 NA NA NA NA -1
136 ENSGALT00000022367 1 445584 595 445689 700 NA NA NA NA -1
137 ENSGALT00000022367 1 444941 701 445020 780 NA NA NA NA -1
138 ENSGALT00000022367 1 444630 781 444692 843 NA NA NA NA -1
139 ENSGALT00000022367 1 443770 844 443825 899 NA NA NA NA -1
140 ENSGALT00000022367 1 443130 900 443252 1022 NA NA NA NA -1
141 ENSGALT00000022367 1 442657 1023 442752 1118 NA NA NA NA -1
142 ENSGALT00000022367 1 442465 1119 442559 1213 NA NA NA NA -1
143 ENSGALT00000022367 1 441843 1214 441908 1279 NA NA NA NA -1
144 ENSGALT00000022367 1 441134 1280 441198 1344 NA NA NA NA -1
145 ENSGALT00000022367 1 440602 1345 440691 1434 NA NA NA NA -1
146 ENSGALT00000022367 1 439585 1435 439638 1488 NA NA NA NA -1
147 ENSGALT00000022367 1 439104 1489 439213 1598 NA NA NA NA -1
148 ENSGALT00000022367 1 437665 1599 437767 1701 NA NA NA NA -1
149 ENSGALT00000022367 1 436732 1702 436806 1776 NA NA NA NA -1
150 ENSGALT00000022367 1 436357 1777 436479 1899 NA NA NA NA -1
151 ENSGALT00000040387 1 455127 225 455471 345 455248 455471 NA NA -1
152 ENSGALT00000040387 1 454892 346 455004 365 NA NA 454892 454984 -1
153 ENSGALT00000021988 1 460368 60 460504 137 460368 460426 NA NA 1
154 ENSGALT00000021988 1 490449 138 490696 385 NA NA NA NA 1
155 ENSGALT00000021988 1 494655 386 494841 572 NA NA NA NA 1
156 ENSGALT00000021988 1 496021 573 496158 710 NA NA NA NA 1
157 ENSGALT00000021988 1 501953 711 502018 776 NA NA NA NA 1
158 ENSGALT00000021988 1 502401 777 502513 889 NA NA NA NA 1
159 ENSGALT00000021988 1 505562 890 505675 1003 NA NA NA NA 1
160 ENSGALT00000021988 1 506700 1004 506826 1130 NA NA NA NA 1
161 ENSGALT00000021988 1 508123 1131 508275 1283 NA NA NA NA 1
162 ENSGALT00000021988 1 508520 1284 508723 1487 NA NA NA NA 1
163 ENSGALT00000021988 1 509766 1488 509830 1552 NA NA NA NA 1
164 ENSGALT00000021988 1 510815 1553 510930 1668 NA NA NA NA 1
165 ENSGALT00000021988 1 511060 1669 511145 1754 NA NA NA NA 1
166 ENSGALT00000021988 1 511451 1755 511531 1835 NA NA NA NA 1
167 ENSGALT00000021988 1 512691 1836 512788 1933 NA NA NA NA 1
168 ENSGALT00000021988 1 514497 1934 514554 1991 NA NA NA NA 1
169 ENSGALT00000021988 1 515540 1992 515667 2119 NA NA NA NA 1
170 ENSGALT00000021988 1 516316 2120 516491 2295 NA NA NA NA 1
171 ENSGALT00000021988 1 517225 2296 517384 2455 NA NA NA NA 1
172 ENSGALT00000021988 1 517797 2456 517885 2544 NA NA NA NA 1
173 ENSGALT00000021988 1 520041 2545 520248 2752 NA NA NA NA 1
174 ENSGALT00000021988 1 526391 2753 526534 2896 NA NA NA NA 1
175 ENSGALT00000021988 1 527753 2897 528820 2948 NA NA 527805 528820 1
176 ENSGALT00000042710 1 534207 99 534498 292 534401 534498 NA NA -1
177 ENSGALT00000042710 1 534017 293 534104 380 NA NA NA NA -1
178 ENSGALT00000042710 1 533798 381 533929 512 NA NA NA NA -1
179 ENSGALT00000042710 1 533348 513 533697 611 NA NA 533348 533598 -1
180 ENSGALT00000020337 1 591516 6 591575 60 591571 591575 NA NA -1
181 ENSGALT00000020337 1 568158 61 568243 146 NA NA NA NA -1
182 ENSGALT00000020337 1 563237 147 563374 284 NA NA NA NA -1
183 ENSGALT00000020337 1 562979 285 563107 413 NA NA NA NA -1
184 ENSGALT00000020337 1 560374 414 560484 524 NA NA NA NA -1
185 ENSGALT00000020337 1 558051 525 558156 630 NA NA NA NA -1
186 ENSGALT00000020337 1 557066 631 557198 763 NA NA NA NA -1
187 ENSGALT00000020337 1 556488 764 556596 872 NA NA NA NA -1
188 ENSGALT00000020337 1 554978 873 555091 986 NA NA NA NA -1
189 ENSGALT00000020337 1 553883 987 553960 1064 NA NA NA NA -1
190 ENSGALT00000020337 1 553418 1065 553531 1178 NA NA NA NA -1
191 ENSGALT00000020337 1 552675 1179 552803 1307 NA NA NA NA -1
192 ENSGALT00000020337 1 551900 1308 551998 1406 NA NA NA NA -1
193 ENSGALT00000020337 1 551155 1407 551359 1611 NA NA NA NA -1
194 ENSGALT00000020337 1 550449 1612 550561 1724 NA NA NA NA -1
195 ENSGALT00000020337 1 549909 1725 550058 1874 NA NA NA NA -1
196 ENSGALT00000020337 1 549731 1875 549799 1943 NA NA NA NA -1
197 ENSGALT00000020337 1 548931 1944 549089 2102 NA NA NA NA -1
198 ENSGALT00000020337 1 548488 2103 548747 2362 NA NA NA NA -1
199 ENSGALT00000020337 1 548049 2363 548221 2535 NA NA NA NA -1
200 ENSGALT00000020337 1 547798 2536 547871 2609 NA NA NA NA -1
201 ENSGALT00000020337 1 547509 2610 547704 2805 NA NA NA NA -1
202 ENSGALT00000020337 1 546535 2806 546662 2933 NA NA NA NA -1
203 ENSGALT00000020337 1 545864 2934 546039 3109 NA NA NA NA -1
204 ENSGALT00000020337 1 545303 3110 545380 3187 NA NA NA NA -1
205 ENSGALT00000020337 1 543292 3188 543431 3327 NA NA NA NA -1
206 ENSGALT00000020337 1 542825 3328 543032 3535 NA NA NA NA -1
207 ENSGALT00000020337 1 541987 3536 542183 3732 NA NA NA NA -1
208 ENSGALT00000020337 1 541761 3733 541898 3870 NA NA NA NA -1
209 ENSGALT00000020337 1 540902 3871 540994 3963 NA NA NA NA -1
210 ENSGALT00000020337 1 540535 3964 540612 4041 NA NA NA NA -1
211 ENSGALT00000020337 1 539908 4042 540092 4226 NA NA NA NA -1
212 ENSGALT00000020337 1 539435 4227 539611 4403 NA NA NA NA -1
213 ENSGALT00000020337 1 537489 4404 537674 4589 NA NA NA NA -1
214 ENSGALT00000020337 1 537278 4590 537404 4716 NA NA NA NA -1
215 ENSGALT00000020337 1 537043 4717 537173 4847 NA NA NA NA -1
216 ENSGALT00000020337 1 536201 4848 536700 5345 NA NA 536201 536202 -1
217 ENSGALT00000040414 1 606023 1 606054 32 NA NA NA NA -1
218 ENSGALT00000040414 1 605677 33 605873 229 NA NA NA NA -1
219 ENSGALT00000040414 1 605362 230 605540 408 NA NA NA NA -1
220 ENSGALT00000040414 1 605140 409 605278 547 NA NA NA NA -1
221 ENSGALT00000040414 1 604766 548 604903 685 NA NA NA NA -1
222 ENSGALT00000040414 1 604568 686 604673 791 NA NA NA NA -1
223 ENSGALT00000040414 1 604152 792 604248 888 NA NA NA NA -1
224 ENSGALT00000040414 1 603509 889 603691 1071 NA NA NA NA -1
225 ENSGALT00000040414 1 603079 1072 603247 1240 NA NA NA NA -1
226 ENSGALT00000040414 1 602869 1241 602980 1352 NA NA NA NA -1
227 ENSGALT00000040414 1 602627 1353 602735 1461 NA NA NA NA -1
228 ENSGALT00000040414 1 601646 1462 602534 1797 NA NA 601646 602198 -1
229 ENSGALT00000022417 1 608683 NA 608776 NA 608683 608776 NA NA 1
230 ENSGALT00000022417 1 609455 194 609661 301 609455 609553 NA NA 1
231 ENSGALT00000022417 1 610379 302 610480 403 NA NA NA NA 1
232 ENSGALT00000022417 1 610922 404 610977 459 NA NA NA NA 1
233 ENSGALT00000022417 1 612731 460 612806 535 NA NA NA NA 1
234 ENSGALT00000022417 1 613725 536 613796 607 NA NA NA NA 1
235 ENSGALT00000022417 1 613909 608 613988 687 NA NA NA NA 1
236 ENSGALT00000022417 1 614362 688 614529 855 NA NA NA NA 1
237 ENSGALT00000022417 1 614886 856 614959 929 NA NA NA NA 1
238 ENSGALT00000022417 1 615170 930 615306 1066 NA NA NA NA 1
239 ENSGALT00000022417 1 615389 1067 615460 1138 NA NA NA NA 1
240 ENSGALT00000022417 1 615865 1139 615931 1205 NA NA NA NA 1
241 ENSGALT00000022417 1 616040 1206 616147 1313 NA NA NA NA 1
242 ENSGALT00000022417 1 616247 1314 616300 1367 NA NA NA NA 1
243 ENSGALT00000022417 1 616868 1368 616938 1438 NA NA NA NA 1
244 ENSGALT00000022417 1 617011 1439 617107 1535 NA NA NA NA 1
245 ENSGALT00000022417 1 617183 1536 617248 1601 NA NA NA NA 1
246 ENSGALT00000022417 1 617441 1602 617493 1654 NA NA NA NA 1
247 ENSGALT00000022417 1 617620 1655 617721 1756 NA NA NA NA 1
248 ENSGALT00000022417 1 617794 1757 617943 1906 NA NA NA NA 1
249 ENSGALT00000022417 1 618030 1907 618167 2044 NA NA NA NA 1
250 ENSGALT00000043140 1 621303 NA 621329 NA 621303 621329 NA NA 1
251 ENSGALT00000043140 1 622812 145 623111 327 622812 622928 NA NA 1
252 ENSGALT00000043140 1 625151 328 625334 511 NA NA NA NA 1
253 ENSGALT00000043140 1 625529 512 625596 579 NA NA NA NA 1
254 ENSGALT00000043140 1 625705 580 625735 610 NA NA NA NA 1
255 ENSGALT00000043140 1 626134 611 626370 847 NA NA NA NA 1
256 ENSGALT00000043140 1 627525 848 627932 1255 NA NA NA NA 1
257 ENSGALT00000043140 1 629092 1256 629210 1374 NA NA NA NA 1
258 ENSGALT00000043140 1 629833 1375 630454 1563 NA NA 630022 630454 1
259 ENSGALT00000022432 1 647623 1 647745 123 NA NA NA NA -1
260 ENSGALT00000022432 1 646896 124 646969 197 NA NA NA NA -1
261 ENSGALT00000022432 1 646659 198 646815 354 NA NA NA NA -1
262 ENSGALT00000022432 1 645959 355 646102 498 NA NA NA NA -1
263 ENSGALT00000022432 1 645068 499 645243 674 NA NA NA NA -1
264 ENSGALT00000022432 1 643403 675 643541 813 NA NA NA NA -1
265 ENSGALT00000022432 1 642581 814 642727 960 NA NA NA NA -1
266 ENSGALT00000022432 1 642257 961 642364 1068 NA NA NA NA -1
267 ENSGALT00000022432 1 642016 1069 642107 1160 NA NA NA NA -1
268 ENSGALT00000022432 1 641358 1161 641497 1300 NA NA NA NA -1
269 ENSGALT00000022432 1 641086 1301 641277 1492 NA NA NA NA -1
270 ENSGALT00000022432 1 638871 1493 638962 1584 NA NA NA NA -1
271 ENSGALT00000022432 1 638661 1585 638737 1661 NA NA NA NA -1
272 ENSGALT00000022432 1 637897 1662 637957 1722 NA NA NA NA -1
273 ENSGALT00000022432 1 637677 1723 637817 1863 NA NA NA NA -1
274 ENSGALT00000022432 1 636831 1864 636947 1980 NA NA NA NA -1
275 ENSGALT00000022432 1 636386 1981 636480 2075 NA NA NA NA -1
276 ENSGALT00000022432 1 635597 2076 635753 2232 NA NA NA NA -1
277 ENSGALT00000022432 1 634364 2233 634531 2400 NA NA NA NA -1
278 ENSGALT00000022432 1 633666 2401 633778 2513 NA NA NA NA -1
279 ENSGALT00000022432 1 632774 2514 632871 2574 NA NA 632774 632810 -1
280 ENSGALT00000022432 1 630567 NA 631420 NA NA NA 630567 631420 -1
281 ENSGALT00000040362 1 658443 60 658648 206 658443 658501 NA NA 1
282 ENSGALT00000040362 1 659253 207 659462 416 NA NA NA NA 1
283 ENSGALT00000040362 1 659543 417 659715 589 NA NA NA NA 1
284 ENSGALT00000040362 1 660225 590 660444 809 NA NA NA NA 1
285 ENSGALT00000040362 1 660528 810 660651 933 NA NA NA NA 1
286 ENSGALT00000040362 1 660728 934 660820 1026 NA NA NA NA 1
287 ENSGALT00000040362 1 661010 1027 661118 1135 NA NA NA NA 1
288 ENSGALT00000040362 1 661260 1136 661445 1321 NA NA NA NA 1
289 ENSGALT00000040362 1 661999 1322 662147 1470 NA NA NA NA 1
290 ENSGALT00000040362 1 662287 1471 662421 1605 NA NA NA NA 1
291 ENSGALT00000040362 1 663261 1606 664773 2147 NA NA 663803 664773 1
292 ENSGALT00000012929 1 690901 1 690954 54 NA NA NA NA 1
293 ENSGALT00000012929 1 693498 55 693606 163 NA NA NA NA 1
294 ENSGALT00000012929 1 696279 164 696422 307 NA NA NA NA 1
295 ENSGALT00000012929 1 696705 308 696805 408 NA NA NA NA 1
296 ENSGALT00000012929 1 697864 409 697966 511 NA NA NA NA 1
297 ENSGALT00000012929 1 698527 512 698621 606 NA NA NA NA 1
298 ENSGALT00000012929 1 699371 607 699477 713 NA NA NA NA 1
299 ENSGALT00000012929 1 699824 714 699940 830 NA NA NA NA 1
300 ENSGALT00000012929 1 702909 831 702972 894 NA NA NA NA 1
301 ENSGALT00000012929 1 703704 895 703792 983 NA NA NA NA 1
302 ENSGALT00000012929 1 704422 984 704492 1054 NA NA NA NA 1
303 ENSGALT00000012929 1 704624 1055 704718 1149 NA NA NA NA 1
304 ENSGALT00000012929 1 705322 1150 705420 1248 NA NA NA NA 1
305 ENSGALT00000012929 1 705528 1249 705596 1317 NA NA NA NA 1
306 ENSGALT00000012929 1 705667 1318 705745 1396 NA NA NA NA 1
307 ENSGALT00000012929 1 706369 1397 706489 1517 NA NA NA NA 1
308 ENSGALT00000012929 1 707603 1518 708802 1524 NA NA 707610 708802 1
309 ENSGALT00000042666 1 710117 64 710314 198 710117 710179 NA NA 1
310 ENSGALT00000042666 1 711663 199 711732 268 NA NA NA NA 1
311 ENSGALT00000042666 1 712531 269 712605 343 NA NA NA NA 1
312 ENSGALT00000042666 1 712681 344 712815 478 NA NA NA NA 1
313 ENSGALT00000042666 1 712906 479 713026 599 NA NA NA NA 1
314 ENSGALT00000042666 1 713579 600 713647 668 NA NA NA NA 1
315 ENSGALT00000042666 1 713728 669 713834 775 NA NA NA NA 1
316 ENSGALT00000042666 1 713918 776 714045 903 NA NA NA NA 1
317 ENSGALT00000042666 1 714408 904 714590 1086 NA NA NA NA 1
318 ENSGALT00000042666 1 715108 1087 715331 1310 NA NA NA NA 1
319 ENSGALT00000042666 1 716004 1311 716069 1376 NA NA NA NA 1
320 ENSGALT00000042666 1 716470 1377 716533 1440 NA NA NA NA 1
321 ENSGALT00000042666 1 717113 1441 717184 1512 NA NA NA NA 1
322 ENSGALT00000042666 1 717399 1513 717473 1587 NA NA NA NA 1
323 ENSGALT00000042666 1 718035 1588 718132 1685 NA NA NA NA 1
324 ENSGALT00000042666 1 718332 1686 718458 1812 NA NA NA NA 1
325 ENSGALT00000042666 1 719753 1813 719853 1913 NA NA NA NA 1
326 ENSGALT00000042666 1 720393 1914 720459 1980 NA NA NA NA 1
327 ENSGALT00000042666 1 722458 1981 722562 2085 NA NA NA NA 1
328 ENSGALT00000042666 1 722800 2086 723004 2290 NA NA NA NA 1
329 ENSGALT00000042666 1 724056 2291 727850 2541 NA NA 724307 727850 1
330 ENSGALT00000012946 1 757267 10 757498 232 757267 757275 NA NA 1
331 ENSGALT00000012946 1 759603 233 759717 347 NA NA NA NA 1
332 ENSGALT00000012946 1 761890 348 762016 474 NA NA NA NA 1
333 ENSGALT00000012946 1 762592 475 762732 615 NA NA NA NA 1
334 ENSGALT00000012946 1 766714 616 766872 774 NA NA NA NA 1
335 ENSGALT00000012946 1 767400 775 767597 972 NA NA NA NA 1
336 ENSGALT00000012946 1 768626 973 768727 1074 NA NA NA NA 1
337 ENSGALT00000012946 1 770337 1075 770494 1232 NA NA NA NA 1
338 ENSGALT00000012946 1 773524 1233 773648 1357 NA NA NA NA 1
339 ENSGALT00000012946 1 790784 1358 795092 1521 NA NA 790948 795092 1
340 ENSGALT00000012955 1 848930 221 849202 273 848983 849202 NA NA -1
341 ENSGALT00000012955 1 825774 274 825850 350 NA NA NA NA -1
342 ENSGALT00000012955 1 824747 351 824821 425 NA NA NA NA -1
343 ENSGALT00000012955 1 817160 426 817199 465 NA NA NA NA -1
344 ENSGALT00000012955 1 816813 466 816865 518 NA NA NA NA -1
345 ENSGALT00000012955 1 814032 519 814160 647 NA NA NA NA -1
346 ENSGALT00000012955 1 807182 648 809407 772 NA NA 807182 809282 -1
347 ENSGALT00000012992 1 859323 1 859444 122 NA NA NA NA -1
348 ENSGALT00000012992 1 857423 123 857532 232 NA NA NA NA -1
349 ENSGALT00000012992 1 857090 233 857248 391 NA NA NA NA -1
350 ENSGALT00000012992 1 856238 392 856321 475 NA NA NA NA -1
351 ENSGALT00000012992 1 855519 476 855646 603 NA NA NA NA -1
352 ENSGALT00000012992 1 854259 604 854416 761 NA NA NA NA -1
353 ENSGALT00000012992 1 853344 762 853566 984 NA NA NA NA -1
354 ENSGALT00000012992 1 852265 985 852474 1194 NA NA NA NA -1
355 ENSGALT00000012992 1 851732 1195 851929 1392 NA NA NA NA -1
356 ENSGALT00000012992 1 850460 1393 850960 1461 NA NA 850460 850891 -1
357 ENSGALT00000013005 1 859766 1 859863 98 NA NA NA NA 1
358 ENSGALT00000013005 1 859892 99 859975 182 NA NA NA NA 1
359 ENSGALT00000013005 1 866449 183 866495 229 NA NA NA NA 1
360 ENSGALT00000013005 1 867258 230 867503 475 NA NA NA NA 1
361 ENSGALT00000013005 1 868036 476 868190 630 NA NA NA NA 1
362 ENSGALT00000013005 1 868321 631 868469 779 NA NA NA NA 1
363 ENSGALT00000013005 1 869055 780 869139 864 NA NA NA NA 1
364 ENSGALT00000013005 1 869779 865 869845 931 NA NA NA NA 1
365 ENSGALT00000013005 1 870663 932 870710 979 NA NA NA NA 1
366 ENSGALT00000013005 1 871301 980 871440 1119 NA NA NA NA 1
367 ENSGALT00000013005 1 872424 1120 872702 1329 NA NA 872634 872702 1
368 ENSGALT00000017143 1 881777 10 881843 67 881835 881843 NA NA -1
369 ENSGALT00000017143 1 880918 68 881055 205 NA NA NA NA -1
370 ENSGALT00000017143 1 880717 206 880838 327 NA NA NA NA -1
371 ENSGALT00000017143 1 880526 328 880634 436 NA NA NA NA -1
372 ENSGALT00000017143 1 880315 437 880431 553 NA NA NA NA -1
373 ENSGALT00000017143 1 880086 554 880153 621 NA NA NA NA -1
374 ENSGALT00000017143 1 879887 622 880006 741 NA NA NA NA -1
375 ENSGALT00000017143 1 879584 742 879769 927 NA NA NA NA -1
376 ENSGALT00000017143 1 879403 928 879505 1030 NA NA NA NA -1
377 ENSGALT00000017143 1 879160 1031 879301 1172 NA NA NA NA -1
378 ENSGALT00000017143 1 878895 1173 879078 1356 NA NA NA NA -1
379 ENSGALT00000017143 1 878692 1357 878791 1456 NA NA NA NA -1
380 ENSGALT00000017143 1 878489 1457 878607 1575 NA NA NA NA -1
381 ENSGALT00000017143 1 878352 1576 878389 1613 NA NA NA NA -1
382 ENSGALT00000017143 1 878029 1614 878141 1726 NA NA NA NA -1
383 ENSGALT00000017143 1 877798 1727 877946 1875 NA NA NA NA -1
384 ENSGALT00000017143 1 877126 1876 877220 1970 NA NA NA NA -1
385 ENSGALT00000017143 1 876784 1971 876862 2049 NA NA NA NA -1
386 ENSGALT00000017143 1 876402 2050 876510 2158 NA NA NA NA -1
387 ENSGALT00000017143 1 875595 2159 876124 2232 NA NA 875595 876050 -1
388 ENSGALT00000013037 1 896191 NA 896300 NA 896191 896300 NA NA -1
389 ENSGALT00000013037 1 894585 111 894724 250 NA NA NA NA -1
390 ENSGALT00000013037 1 894422 251 894480 309 NA NA NA NA -1
391 ENSGALT00000013037 1 894052 310 894183 441 NA NA NA NA -1
392 ENSGALT00000013037 1 893037 442 893275 680 NA NA NA NA -1
393 ENSGALT00000013037 1 892633 681 892837 885 NA NA NA NA -1
394 ENSGALT00000013037 1 891781 886 891956 1061 NA NA NA NA -1
395 ENSGALT00000013037 1 891058 1062 891129 1133 NA NA NA NA -1
396 ENSGALT00000013037 1 889715 1134 889811 1230 NA NA NA NA -1
397 ENSGALT00000013037 1 888946 1231 889071 1356 NA NA NA NA -1
398 ENSGALT00000013037 1 888424 1357 888521 1454 NA NA NA NA -1
399 ENSGALT00000013037 1 886973 1455 887087 1569 NA NA NA NA -1
400 ENSGALT00000013037 1 886782 1570 886879 1667 NA NA NA NA -1
401 ENSGALT00000013037 1 886331 1668 886404 1741 NA NA NA NA -1
402 ENSGALT00000013037 1 884997 1742 885764 1796 NA NA 884997 885709 -1
403 ENSGALT00000040314 1 896406 NA 896471 NA 896406 896471 NA NA 1
404 ENSGALT00000040314 1 898787 126 899097 377 898787 898845 NA NA 1
405 ENSGALT00000040314 1 899809 378 899869 438 NA NA NA NA 1
406 ENSGALT00000040314 1 901918 439 902381 902 NA NA NA NA 1
407 ENSGALT00000013059 1 902989 1 903062 74 NA NA NA NA 1
408 ENSGALT00000013059 1 905135 75 905216 156 NA NA NA NA 1
409 ENSGALT00000013059 1 905938 157 906072 291 NA NA NA NA 1
410 ENSGALT00000013059 1 906242 292 906340 390 NA NA NA NA 1
411 ENSGALT00000013059 1 906948 391 907049 492 NA NA NA NA 1
412 ENSGALT00000013059 1 907203 493 907304 594 NA NA NA NA 1
413 ENSGALT00000013059 1 907500 595 907610 705 NA NA NA NA 1
414 ENSGALT00000013059 1 907950 706 908040 796 NA NA NA NA 1
415 ENSGALT00000013059 1 908167 797 908372 1002 NA NA NA NA 1
416 ENSGALT00000013059 1 908812 1003 908896 1087 NA NA NA NA 1
417 ENSGALT00000013059 1 909078 1088 909381 1275 NA NA 909266 909381 1
418 ENSGALT00000033361 1 911097 15 911175 79 911097 911110 NA NA 1
419 ENSGALT00000033361 1 911758 80 911839 161 NA NA NA NA 1
420 ENSGALT00000033361 1 912530 162 912664 296 NA NA NA NA 1
421 ENSGALT00000033361 1 912821 297 912919 395 NA NA NA NA 1
422 ENSGALT00000033361 1 913073 396 913174 497 NA NA NA NA 1
423 ENSGALT00000033361 1 913382 498 913483 599 NA NA NA NA 1
424 ENSGALT00000033361 1 913965 600 914075 710 NA NA NA NA 1
425 ENSGALT00000033361 1 914196 711 914286 801 NA NA NA NA 1
426 ENSGALT00000033361 1 914399 802 914598 1001 NA NA NA NA 1
427 ENSGALT00000033361 1 914974 1002 915058 1086 NA NA NA NA 1
428 ENSGALT00000033361 1 915150 1087 915397 1274 NA NA 915338 915397 1
429 ENSGALT00000013135 1 916281 17 916364 84 916281 916296 NA NA 1
430 ENSGALT00000013135 1 916652 85 916733 166 NA NA NA NA 1
431 ENSGALT00000013135 1 917225 167 917359 301 NA NA NA NA 1
432 ENSGALT00000013135 1 917441 302 917542 403 NA NA NA NA 1
433 ENSGALT00000013135 1 917920 404 918021 505 NA NA NA NA 1
434 ENSGALT00000013135 1 918106 506 918207 607 NA NA NA NA 1
435 ENSGALT00000013135 1 918320 608 918424 712 NA NA NA NA 1
436 ENSGALT00000013135 1 918651 713 918741 803 NA NA NA NA 1
437 ENSGALT00000013135 1 919169 804 919368 1003 NA NA NA NA 1
438 ENSGALT00000013135 1 919594 1004 919678 1088 NA NA NA NA 1
439 ENSGALT00000013135 1 919795 1089 920045 1276 NA NA 919983 920045 1
440 ENSGALT00000013152 1 929748 59 929838 91 929781 929838 NA NA -1
441 ENSGALT00000013152 1 929246 92 929309 155 NA NA NA NA -1
442 ENSGALT00000013152 1 928335 156 928382 203 NA NA NA NA -1
443 ENSGALT00000013152 1 925701 204 925762 265 NA NA NA NA -1
444 ENSGALT00000013152 1 925264 266 925333 335 NA NA NA NA -1
445 ENSGALT00000013152 1 924654 336 924798 480 NA NA NA NA -1
446 ENSGALT00000013152 1 924317 481 924468 632 NA NA NA NA -1
447 ENSGALT00000013152 1 923957 633 924024 700 NA NA NA NA -1
448 ENSGALT00000013152 1 923003 701 923117 815 NA NA NA NA -1
449 ENSGALT00000013152 1 922608 816 922823 1031 NA NA NA NA -1
450 ENSGALT00000013152 1 921538 1032 922207 1162 NA NA 921538 922076 -1
451 ENSGALT00000013166 1 930980 2 931134 155 930980 930980 NA NA 1
452 ENSGALT00000013166 1 931244 156 931323 235 NA NA NA NA 1
453 ENSGALT00000013166 1 931409 236 931486 313 NA NA NA NA 1
454 ENSGALT00000013166 1 931842 314 931978 450 NA NA NA NA 1
455 ENSGALT00000013166 1 932683 451 932741 509 NA NA NA NA 1
456 ENSGALT00000013166 1 932896 510 932936 550 NA NA NA NA 1
457 ENSGALT00000013166 1 933025 551 933095 621 NA NA NA NA 1
458 ENSGALT00000013166 1 933297 622 933398 723 NA NA NA NA 1
459 ENSGALT00000013166 1 933595 724 933671 800 NA NA NA NA 1
460 ENSGALT00000013166 1 933910 801 933973 864 NA NA NA NA 1
461 ENSGALT00000013166 1 934360 865 934477 982 NA NA NA NA 1
462 ENSGALT00000013228 1 953949 138 954122 174 953986 954122 NA NA -1
463 ENSGALT00000013228 1 952013 175 952065 227 NA NA NA NA -1
464 ENSGALT00000013228 1 951375 228 951455 308 NA NA NA NA -1
465 ENSGALT00000013228 1 950486 309 950557 380 NA NA NA NA -1
466 ENSGALT00000013228 1 948368 381 948447 460 NA NA NA NA -1
467 ENSGALT00000013228 1 947911 461 947986 536 NA NA NA NA -1
468 ENSGALT00000013228 1 947405 537 947497 629 NA NA NA NA -1
469 ENSGALT00000013228 1 946598 630 946684 716 NA NA NA NA -1
470 ENSGALT00000013228 1 945601 717 945758 874 NA NA NA NA -1
471 ENSGALT00000013228 1 944861 875 944994 1008 NA NA NA NA -1
472 ENSGALT00000013228 1 944185 1009 944252 1076 NA NA NA NA -1
473 ENSGALT00000013228 1 943375 1077 943563 1265 NA NA NA NA -1
474 ENSGALT00000013228 1 942462 1266 942557 1361 NA NA NA NA -1
475 ENSGALT00000013228 1 941818 1362 942061 1605 NA NA NA NA -1
476 ENSGALT00000013228 1 941324 1606 941399 1681 NA NA NA NA -1
477 ENSGALT00000013228 1 940790 1682 940893 1785 NA NA NA NA -1
478 ENSGALT00000013228 1 939743 1786 939868 1911 NA NA NA NA -1
479 ENSGALT00000013228 1 938818 1912 938880 1974 NA NA NA NA -1
480 ENSGALT00000013228 1 938569 1975 938708 2114 NA NA NA NA -1
481 ENSGALT00000013228 1 938183 2115 938354 2286 NA NA NA NA -1
482 ENSGALT00000013228 1 937296 2287 937393 2384 NA NA NA NA -1
483 ENSGALT00000013228 1 936621 2385 936759 2523 NA NA NA NA -1
484 ENSGALT00000013228 1 936202 2524 936300 2622 NA NA NA NA -1
485 ENSGALT00000013228 1 935413 2623 935543 2753 NA NA NA NA -1
486 ENSGALT00000013244 1 965176 NA 965242 NA 965176 965242 NA NA 1
487 ENSGALT00000013244 1 966872 NA 967063 NA 966872 967063 NA NA 1
488 ENSGALT00000013244 1 967170 NA 967235 NA 967170 967235 NA NA 1
489 ENSGALT00000013244 1 967765 NA 967917 NA 967765 967917 NA NA 1
490 ENSGALT00000013244 1 968100 NA 968129 NA 968100 968129 NA NA 1
491 ENSGALT00000013244 1 968395 NA 968452 NA 968395 968452 NA NA 1
492 ENSGALT00000013244 1 968557 635 968867 877 968557 968624 NA NA 1
493 ENSGALT00000013244 1 969361 878 969571 1036 NA NA 969520 969571 1
494 ENSGALT00000013264 1 992796 1 992943 148 NA NA NA NA -1
495 ENSGALT00000013264 1 991543 149 992075 681 NA NA NA NA -1
496 ENSGALT00000013264 1 990497 682 990627 812 NA NA NA NA -1
497 ENSGALT00000013264 1 988818 813 988953 948 NA NA NA NA -1
498 ENSGALT00000013264 1 988412 949 988602 1139 NA NA NA NA -1
499 ENSGALT00000013264 1 987232 1140 987348 1256 NA NA NA NA -1
500 ENSGALT00000013264 1 985649 1257 985743 1351 NA NA NA NA -1
501 ENSGALT00000013264 1 984263 1352 984431 1520 NA NA NA NA -1
502 ENSGALT00000013264 1 983032 1521 983260 1749 NA NA NA NA -1
503 ENSGALT00000013264 1 982260 1750 982347 1837 NA NA NA NA -1
504 ENSGALT00000013264 1 982042 1838 982128 1924 NA NA NA NA -1
505 ENSGALT00000013264 1 980531 1925 980667 2061 NA NA NA NA -1
506 ENSGALT00000013264 1 979343 2062 979442 2161 NA NA NA NA -1
507 ENSGALT00000013264 1 979009 2162 979130 2283 NA NA NA NA -1
508 ENSGALT00000013264 1 978578 2284 978653 2359 NA NA NA NA -1
509 ENSGALT00000013264 1 977073 2360 977270 2557 NA NA NA NA -1
510 ENSGALT00000013264 1 974873 2558 974998 2683 NA NA NA NA -1
511 ENSGALT00000013264 1 973287 2684 973393 2790 NA NA NA NA -1
512 ENSGALT00000013264 1 972444 2791 972572 2919 NA NA NA NA -1
513 ENSGALT00000013264 1 971411 2920 971530 3039 NA NA NA NA -1
514 ENSGALT00000043375 1 995787 10 996109 323 995787 995795 NA NA 1
515 ENSGALT00000043375 1 999449 324 999669 544 NA NA NA NA 1
516 ENSGALT00000043375 1 1002831 545 1002873 587 NA NA NA NA 1
517 ENSGALT00000043375 1 1003880 588 1003988 696 NA NA NA NA 1
518 ENSGALT00000043375 1 1005589 697 1005750 858 NA NA NA NA 1
519 ENSGALT00000043375 1 1006112 859 1006566 918 NA NA 1006172 1006566 1
520 ENSGALT00000013281 1 999449 315 999669 535 NA NA NA NA 1
521 ENSGALT00000013281 1 1002831 536 1002873 578 NA NA NA NA 1
522 ENSGALT00000013281 1 1003880 579 1003988 687 NA NA NA NA 1
523 ENSGALT00000013281 1 1005589 688 1005750 849 NA NA NA NA 1
524 ENSGALT00000013281 1 995796 1 996109 314 NA NA NA NA 1
525 ENSGALT00000013281 1 1008392 850 1008470 928 NA NA NA NA 1
526 ENSGALT00000013281 1 1010173 929 1010374 1089 NA NA 1010334 1010374 1
527 ENSGALT00000013281 1 1010613 NA 1011804 NA NA NA 1010613 1011804 1
528 ENSGALT00000015896 1 91892 1 92860 969 NA NA NA NA -1
529 ENSGALT00000043267 1 588358 1 589386 1029 NA NA NA NA 1
530 ENSGALT00000044259 1 882297 1 884033 1737 NA NA NA NA -1
531 ENSGALT00000045951 1 858538 NA 858647 NA NA NA NA NA -1
532 ENSGALT00000041405 1 796221 NA 796318 NA NA NA NA NA -1
533 ENSGALT00000044616 1 290088 NA 290197 NA NA NA NA NA 1
534 ENSGALT00000043060 1 796110 NA 796207 NA NA NA NA NA -1
535 ENSGALT00000044570 1 795091 NA 795178 NA NA NA NA NA -1
536 ENSGALT00000042400 1 314579 NA 314675 NA NA NA NA NA 1
537 ENSGALT00000042396 1 505088 NA 505171 NA NA NA NA NA 1
538 ENSGALT00000044429 1 868652 NA 868761 NA NA NA NA NA 1
