1 ENSGALT00000015891 1 1735 16308 1
2 ENSGALT00000042749 1 31160 35950 -1
3 ENSGALT00000015914 1 41112 75573 1
4 ENSGALT00000015903 1 77010 89016 1
5 ENSGALT00000015892 1 103013 106248 -1
6 ENSGALT00000015890 1 106372 111774 1
7 ENSGALT00000040436 1 111201 113665 -1
8 ENSGALT00000015860 1 115341 120079 -1
9 ENSGALT00000042874 1 122020 123141 -1
10 ENSGALT00000043996 1 179394 421343 1
11 ENSGALT00000043058 1 427005 428620 -1
12 ENSGALT00000021993 1 429084 433969 1
13 ENSGALT00000022367 1 436357 454771 -1
14 ENSGALT00000040387 1 454892 455471 -1
15 ENSGALT00000021988 1 460368 528820 1
16 ENSGALT00000042710 1 533348 534498 -1
17 ENSGALT00000020337 1 536201 591575 -1
18 ENSGALT00000040414 1 601646 606054 -1
19 ENSGALT00000022417 1 608683 618167 1
20 ENSGALT00000043140 1 621303 630454 1
21 ENSGALT00000022432 1 630567 647745 -1
22 ENSGALT00000040362 1 658443 664773 1
23 ENSGALT00000012929 1 690901 708802 1
24 ENSGALT00000042666 1 710117 727850 1
25 ENSGALT00000012946 1 757267 795092 1
26 ENSGALT00000012955 1 807182 849202 -1
27 ENSGALT00000012992 1 850460 859444 -1
28 ENSGALT00000013005 1 859766 872702 1
29 ENSGALT00000017143 1 875595 881843 -1
30 ENSGALT00000013037 1 884997 896300 -1
31 ENSGALT00000040314 1 896406 902381 1
32 ENSGALT00000013059 1 902989 909381 1
33 ENSGALT00000033361 1 911097 915397 1
34 ENSGALT00000013135 1 916281 920045 1
35 ENSGALT00000013152 1 921538 929838 -1
36 ENSGALT00000013166 1 930980 934477 1
37 ENSGALT00000013228 1 935413 954122 -1
38 ENSGALT00000013244 1 965176 969571 1
39 ENSGALT00000013264 1 971411 992943 -1
40 ENSGALT00000043375 1 995787 1011804 1
41 ENSGALT00000013281 1 995787 1011804 1
42 ENSGALT00000015896 1 91892 92860 -1
43 ENSGALT00000043267 1 588358 589386 1
44 ENSGALT00000044259 1 882297 884033 -1
45 ENSGALT00000045951 1 858538 858647 -1
46 ENSGALT00000041405 1 796221 796318 -1
47 ENSGALT00000044616 1 290088 290197 1
48 ENSGALT00000043060 1 796110 796207 -1
49 ENSGALT00000044570 1 795091 795178 -1
50 ENSGALT00000042400 1 314579 314675 1
51 ENSGALT00000042396 1 505088 505171 1
52 ENSGALT00000044429 1 868652 868761 1
