1 ENSGALT00000015891 1 NA NA 1
2 ENSGALT00000015891 1 15706 16308 1
3 ENSGALT00000042749 1 NA NA -1
4 ENSGALT00000015914 1 NA NA 1
5 ENSGALT00000015914 1 74060 75573 1
6 ENSGALT00000015903 1 NA NA 1
7 ENSGALT00000015903 1 88072 89016 1
8 ENSGALT00000015892 1 NA NA -1
9 ENSGALT00000015892 1 103013 104169 -1
10 ENSGALT00000015890 1 NA NA 1
11 ENSGALT00000015890 1 109932 111774 1
12 ENSGALT00000040436 1 NA NA -1
13 ENSGALT00000040436 1 111201 111523 -1
14 ENSGALT00000015860 1 NA NA -1
15 ENSGALT00000015860 1 115341 115740 -1
16 ENSGALT00000042874 1 NA NA -1
17 ENSGALT00000043996 1 NA NA 1
18 ENSGALT00000043058 1 NA NA -1
19 ENSGALT00000021993 1 NA NA 1
20 ENSGALT00000021993 1 432897 433969 1
21 ENSGALT00000022367 1 NA NA -1
22 ENSGALT00000040387 1 NA NA -1
23 ENSGALT00000040387 1 454892 454984 -1
24 ENSGALT00000021988 1 NA NA 1
25 ENSGALT00000021988 1 527805 528820 1
26 ENSGALT00000042710 1 NA NA -1
27 ENSGALT00000042710 1 533348 533598 -1
28 ENSGALT00000020337 1 NA NA -1
29 ENSGALT00000020337 1 536201 536202 -1
30 ENSGALT00000040414 1 NA NA -1
31 ENSGALT00000040414 1 601646 602198 -1
32 ENSGALT00000022417 1 NA NA 1
33 ENSGALT00000043140 1 NA NA 1
34 ENSGALT00000043140 1 630022 630454 1
35 ENSGALT00000022432 1 NA NA -1
36 ENSGALT00000022432 1 632774 632810 -1
37 ENSGALT00000022432 1 630567 631420 -1
38 ENSGALT00000040362 1 NA NA 1
39 ENSGALT00000040362 1 663803 664773 1
40 ENSGALT00000012929 1 NA NA 1
41 ENSGALT00000012929 1 707610 708802 1
42 ENSGALT00000042666 1 NA NA 1
43 ENSGALT00000042666 1 724307 727850 1
44 ENSGALT00000012946 1 NA NA 1
45 ENSGALT00000012946 1 790948 795092 1
46 ENSGALT00000012955 1 NA NA -1
47 ENSGALT00000012955 1 807182 809282 -1
48 ENSGALT00000012992 1 NA NA -1
49 ENSGALT00000012992 1 850460 850891 -1
50 ENSGALT00000013005 1 NA NA 1
51 ENSGALT00000013005 1 872634 872702 1
52 ENSGALT00000017143 1 NA NA -1
53 ENSGALT00000017143 1 875595 876050 -1
54 ENSGALT00000013037 1 NA NA -1
55 ENSGALT00000013037 1 884997 885709 -1
56 ENSGALT00000040314 1 NA NA 1
57 ENSGALT00000013059 1 NA NA 1
58 ENSGALT00000013059 1 909266 909381 1
59 ENSGALT00000033361 1 NA NA 1
60 ENSGALT00000033361 1 915338 915397 1
61 ENSGALT00000013135 1 NA NA 1
62 ENSGALT00000013135 1 919983 920045 1
63 ENSGALT00000013152 1 NA NA -1
64 ENSGALT00000013152 1 921538 922076 -1
65 ENSGALT00000013166 1 NA NA 1
66 ENSGALT00000013228 1 NA NA -1
67 ENSGALT00000013244 1 NA NA 1
68 ENSGALT00000013244 1 969520 969571 1
69 ENSGALT00000013264 1 NA NA -1
70 ENSGALT00000043375 1 NA NA 1
71 ENSGALT00000043375 1 1006172 1006566 1
72 ENSGALT00000013281 1 NA NA 1
73 ENSGALT00000013281 1 1010334 1010374 1
74 ENSGALT00000013281 1 1010613 1011804 1
75 ENSGALT00000015896 1 NA NA -1
76 ENSGALT00000043267 1 NA NA 1
77 ENSGALT00000044259 1 NA NA -1
78 ENSGALT00000045951 1 NA NA -1
79 ENSGALT00000041405 1 NA NA -1
80 ENSGALT00000044616 1 NA NA 1
81 ENSGALT00000043060 1 NA NA -1
82 ENSGALT00000044570 1 NA NA -1
83 ENSGALT00000042400 1 NA NA 1
84 ENSGALT00000042396 1 NA NA 1
85 ENSGALT00000044429 1 NA NA 1
