1 ENSGALT00000015891 1 1735 2378 1
2 ENSGALT00000015891 1 NA NA 1
3 ENSGALT00000042749 1 NA NA -1
4 ENSGALT00000015914 1 41112 41229 1
5 ENSGALT00000015914 1 42410 42416 1
6 ENSGALT00000015914 1 NA NA 1
7 ENSGALT00000015903 1 77010 77075 1
8 ENSGALT00000015903 1 NA NA 1
9 ENSGALT00000015892 1 106241 106248 -1
10 ENSGALT00000015892 1 NA NA -1
11 ENSGALT00000015890 1 NA NA 1
12 ENSGALT00000040436 1 NA NA -1
13 ENSGALT00000015860 1 120054 120079 -1
14 ENSGALT00000015860 1 NA NA -1
15 ENSGALT00000042874 1 123089 123141 -1
16 ENSGALT00000042874 1 NA NA -1
17 ENSGALT00000043996 1 NA NA 1
18 ENSGALT00000043058 1 NA NA -1
19 ENSGALT00000021993 1 429084 429275 1
20 ENSGALT00000021993 1 NA NA 1
21 ENSGALT00000022367 1 NA NA -1
22 ENSGALT00000040387 1 455248 455471 -1
23 ENSGALT00000040387 1 NA NA -1
24 ENSGALT00000021988 1 460368 460426 1
25 ENSGALT00000021988 1 NA NA 1
26 ENSGALT00000042710 1 534401 534498 -1
27 ENSGALT00000042710 1 NA NA -1
28 ENSGALT00000020337 1 591571 591575 -1
29 ENSGALT00000020337 1 NA NA -1
30 ENSGALT00000040414 1 NA NA -1
31 ENSGALT00000022417 1 608683 608776 1
32 ENSGALT00000022417 1 609455 609553 1
33 ENSGALT00000022417 1 NA NA 1
34 ENSGALT00000043140 1 621303 621329 1
35 ENSGALT00000043140 1 622812 622928 1
36 ENSGALT00000043140 1 NA NA 1
37 ENSGALT00000022432 1 NA NA -1
38 ENSGALT00000040362 1 658443 658501 1
39 ENSGALT00000040362 1 NA NA 1
40 ENSGALT00000012929 1 NA NA 1
41 ENSGALT00000042666 1 710117 710179 1
42 ENSGALT00000042666 1 NA NA 1
43 ENSGALT00000012946 1 757267 757275 1
44 ENSGALT00000012946 1 NA NA 1
45 ENSGALT00000012955 1 848983 849202 -1
46 ENSGALT00000012955 1 NA NA -1
47 ENSGALT00000012992 1 NA NA -1
48 ENSGALT00000013005 1 NA NA 1
49 ENSGALT00000017143 1 881835 881843 -1
50 ENSGALT00000017143 1 NA NA -1
51 ENSGALT00000013037 1 896191 896300 -1
52 ENSGALT00000013037 1 NA NA -1
53 ENSGALT00000040314 1 896406 896471 1
54 ENSGALT00000040314 1 898787 898845 1
55 ENSGALT00000040314 1 NA NA 1
56 ENSGALT00000013059 1 NA NA 1
57 ENSGALT00000033361 1 911097 911110 1
58 ENSGALT00000033361 1 NA NA 1
59 ENSGALT00000013135 1 916281 916296 1
60 ENSGALT00000013135 1 NA NA 1
61 ENSGALT00000013152 1 929781 929838 -1
62 ENSGALT00000013152 1 NA NA -1
63 ENSGALT00000013166 1 930980 930980 1
64 ENSGALT00000013166 1 NA NA 1
65 ENSGALT00000013228 1 953986 954122 -1
66 ENSGALT00000013228 1 NA NA -1
67 ENSGALT00000013244 1 965176 965242 1
68 ENSGALT00000013244 1 966872 967063 1
69 ENSGALT00000013244 1 967170 967235 1
70 ENSGALT00000013244 1 967765 967917 1
71 ENSGALT00000013244 1 968100 968129 1
72 ENSGALT00000013244 1 968395 968452 1
73 ENSGALT00000013244 1 968557 968624 1
74 ENSGALT00000013244 1 NA NA 1
75 ENSGALT00000013264 1 NA NA -1
76 ENSGALT00000043375 1 995787 995795 1
77 ENSGALT00000043375 1 NA NA 1
78 ENSGALT00000013281 1 NA NA 1
79 ENSGALT00000015896 1 NA NA -1
80 ENSGALT00000043267 1 NA NA 1
81 ENSGALT00000044259 1 NA NA -1
82 ENSGALT00000045951 1 NA NA -1
83 ENSGALT00000041405 1 NA NA -1
84 ENSGALT00000044616 1 NA NA 1
85 ENSGALT00000043060 1 NA NA -1
86 ENSGALT00000044570 1 NA NA -1
87 ENSGALT00000042400 1 NA NA 1
88 ENSGALT00000042396 1 NA NA 1
89 ENSGALT00000044429 1 NA NA 1
